47 0
0 0 1 1 290 5000 -28.82 -1 0 H+H+H<=>H2+H
0 0 1 1 100 5000 -30.573 -0.6 0 H+H+H2<=>H2+H2
0 0 1 1 290 5000 -29.484 -1 0 H+H+H2O<=>H2+H2O
0 0 1 1 290 5000 -29.754 -1 0 H+H+M<=>H2+M
0 0 1 1 300 800 -11.549 0 3.755 H+H2O2<=>H2+HO2
0 0 1 1 300 1000 -10.78 0 3.577 H+H2O2<=>H2O+OH
0 0 1 1 1000 2000 -33.281 0 12.498 H+HO2+M<=>H2O2+M
0 0 1 1 300 1000 -10.382 0 0.693 H+HO2<=>H2+O2
0 0 1 1 300 2500 -29.258 -0.8 0 H+O2+M<=>HO2+M
0 0 1 1 300 2500 -6.701 -0.91 16.514 H+O2<=>OH+O
0 0 1 1 220 360 -9.854 0 0.954 H+O3<=>OH+O2
0 0 1 1 1000 3500 -23.75 -2 0 H+OH+H<=>H2O+H
0 0 1 1 1000 3500 -24.227 -2 0 H+OH+H2<=>H2O+H2
0 0 1 1 1000 3500 -24.413 -2 0 H+OH+H2O<=>H2O+H2O
0 0 1 1 1000 3000 -24.412 -2 0 H+OH+M<=>H2O+M
0 0 1 1 1000 2000 -10.666 0 21.003 H2+H2O2<=>H2O+H2O
0 0 1 1 1000 2500 -10.039 0 54.503 H2+O2<=>O+H2O
0 0 1 1 298 298 -9.777 0 70.384 H2+O2<=>OH+OH
0 0 1 1 900 2500 -6.428 0 109.007 H2O+M<=>H2+O+M
0 0 1 1 1000 2000 -11.428 0 106.503 H2O+O2<=>O+H2O2
0 0 1 1 700 2000 -5.825 0 45.701 H2O2+H<=>OH+OH+H
0 0 1 1 700 2000 -6.479 0 45.701 H2O2+H2O<=>OH+OH+H2O
0 0 1 1 1000 2500 -10.34 0 49.993 H2O2+M<=>H2+O2+M
0 0 1 1 1000 2000 -8.759 0 45.602 H2O2+M<=>O+H2O+M
0 0 1 1 300 1000 -10.333 0 6.404 H2O2+O<=>HO2+OH
0 0 1 1 700 2000 -5.825 0 45.701 H2O2+O<=>OH+OH+O
0 0 1 1 300 2200 -12.861 0 41.2 H2O2+O2<=>HO2+HO2
0 0 1 1 700 2000 -6.701 0 45.701 H2O2+O2<=>OH+OH+O2
0 0 1 1 300 1000 -10.301 0 1.721 HO2+H<=>H2O+O
0 0 1 1 300 1000 -9.604 0 1.003 HO2+H<=>OH+OH
0 0 1 1 900 2200 -12.701 0 23.804 HO2+H2<=>OH+H2O
0 0 1 1 230 420 -32.721 0 -1.947 HO2+HO2+M<=>H2O2+O2+M
0 0 1 1 250 350 -13.854 0 1.192 HO2+O3<=>O2+O2+OH
0 0 1 1 300 2500 -5.52 -1 118.085 M+O2<=>M+O+O
0 0 1 1 300 3000 -9.125 0 22.199 M+O3<=>M+O2+O
0 0 1 1 300 2500 -28.885 -1 0 O+H+M<=>OH+M
0 0 1 1 300 2500 -16.604 2 7.553 O+H2<=>OH+H
0 0 2 1 290 2500 -13.604 1.14 17.247 2500 3000 -13.604 1.14 17.247 O+H2O<=>OH+OH
0 0 1 1 300 1000 -10.478 0 0 O+HO2<=>OH+O2
0 0 1 1 200 400 -11.097 0 4.093 O+O3<=>O2+O2
0 0 2 1 290 900 -10.78 0 73.519 900 2500 -10.78 0 73.519 O2+H2O<=>OH+HO2
0 0 1 1 300 2500 -15.78 1.6 3.298 OH+H2<=>H2O+H
0 0 1 1 300 1000 -10.936 0 1.435 OH+H2O2<=>HO2+H2O
0 0 1 1 300 300 -31.398 0 0 OH+O+M<=>HO2+M
0 0 1 1 220 450 -11.721 0 1.987 OH+O3<=>HO2+O2
0 0 1 1 0 0 -29.194 -0.9 -1.7 OH+OH+M<=>H2O2+M
0 0 1 1 200 1500 -10.824 -0.37 0 OH+OH<=>H2O2










