9 0
H 0 0 211.801 1.0079 1 298.15 20000 166.836 20.786 0 0 0 0 0 0 0 User
H2 0 0 -8.468 2.0158 3 298.15 1500 215.808 33.1095 -0.000798944 0.152529 -57.5686 193.572 -237.176 1500 6000 202.447 31.3598 -0.0265618 0.825616 10.7667 0.309525 -1.0699 6000 20000 214.865 101.423 -3.64108 38.5109 -41.3816 5.11958 -0.322478 0 0 User
H2O 0 0 -251.731 18.0152 3 298.15 1500 263.517 30.4313 0.000353504 -0.0744924 29.2549 131.376 -237.549 1500 6000 279.962 44.9198 -0.060655 2.33574 29.4001 -8.27838 1.04209 6000 20000 300 107.299 -2.79718 32.5765 -29.0053 3.81031 -0.262113 0 0 User
H2O2 0 0 -147.038 34.0146 2 298.15 1500 283.342 26.3481 4.73849e-005 -0.0821417 314.796 -574.075 650.337 1500 6000 372.112 66.8078 -0.0622199 3.28789 34.2811 -16.7079 5.24125 0 0 User
HO2 0 0 -0.314 33.0067 2 298.15 1500 274.242 22.6735 0.000459584 -0.177895 223.63 -434.804 520.063 1500 6000 317.755 39.5967 -0.0124154 0.776543 60.9039 -38.1131 11.7675 0 0 User
O 0 0 242.455 15.9994 3 298.15 1500 215.419 21.3814 0.000366195 -0.0643666 -6.22227 15.9471 -21.1655 1500 6000 217.297 22.7493 -0.00433948 0.133595 -7.94626 7.10449 -2.41763 6000 20000 211.009 21.7631 -0.212924 1.58133 2.38508 -0.630479 0.0671619 0 0 User
O2 0 0 -8.68 31.9988 3 298.15 1500 249.223 20.1541 0.00103128 -0.226409 140.365 -295.217 347.508 1500 6000 279.43 30.3885 0.00664923 -0.0148563 22.0715 -8.06993 1.72536 6000 20000 288.345 78.9381 -2.67928 26.7222 -17.6756 0.171974 0.17688 0 0 User
O3 0 0 131.434 47.9982 2 298.15 1500 281.71 24.793 -0.000835411 0.0244789 348.037 -883.018 1229.79 1500 6000 -553.406 -515.668 1.83895 -74.3667 1929.28 -1355.7 464.975 0 0 User
OH 0 0 30.536 17.0073 3 298.15 1500 266.987 32.1263 -3.45076e-005 0.0416197 -53.9322 215.125 -297.239 1500 6000 259.214 33.4929 -0.0298877 1.00973 6.35371 1.69693 -1.66089 6000 20000 269.187 83.7263 -2.49789 27.3681 -31.0655 3.80064 -0.241857 0 0 User
0 0
