19 0
0 0 1 1 200 3000 -10.549 0 47.78 H2+O2<=>OH+OH
0 0 1 1 200 3000 -14.711 1.3 3.626 OH+H2<=>H2O+H
0 0 1 1 200 3000 -7.069 -0.82 16.507 H+O2<=>OH+O
0 0 1 1 200 3000 -13.524 1 8.826 O+H2<=>OH+H
0 0 1 1 200 3000 -29.237 -1 0 H+O2+M<=>HO2+M % H2O 21 H2 3.3
0 0 1 1 200 3000 -27.733 -1.42 0 H+O2+O2<=>HO2+O2
0 0 1 1 200 3000 -10.080 0 1 OH+HO2<=>H2O+O2
0 0 1 1 200 3000 -9.381 0 1.9 H+HO2<=>OH+OH
0 0 1 1 200 3000 -10.098 0 1 O+HO2<=>O2+OH
0 0 1 1 200 3000 -15.001 1.3 0 OH+OH<=>O+H2O
0 0 1 1 200 3000 -11.431 0.5 92.6 H2+M<=>H+H+M % H2O 6 H 2 H2 3
0 0 1 1 200 3000 -12.512 0.5 95.56 O2+M<=>O+O+M
0 0 1 1 200 3000 -23.684 -2.6 0 H+OH+M<=>H2O+M % H2O 20
0 0 1 1 200 3000 -10.381 0 0.7 H+HO2<=>H2+O2
0 0 1 1 200 3000 -11.478 0 0 HO2+HO2<=>H2O2+O2
0 0 1 1 200 3000 -6.665 0 45.5 H2O2+M<=>OH+OH+M
0 0 1 1 200 3000 -11.575 0 3.8 H2O2+H<=>HO2+H2
0 0 1 1 200 3000 -10.779 0 1.8 H2O2+OH<=>H2O+HO2
0 0 1 1 200 3000 -9.125 0 22.199 M+O3<=>M+O2+O
