9 0
H 0 0 211.801 1.0079 2 200 1000 0.25000000E+01 0.00000000E+00 0.00000000E+00 0.00000000E+00 0.00000000E+00 0.25473660E+05 -0.44668285E+00 1000 6000 0.25000000E+01 0.00000000E+00 0.00000000E+00 0.00000000E+00 0.00000000E+00 0.25473660E+05 -0.44668285E+00 0 0 User
H2 0 0 -8.468 2.0158 2 200 1000 0.23443029E+01 0.79804248E-02 -0.19477917E-04 0.20156967E-07 -0.73760289E-11 -0.91792413E+03 0.68300218E+00 1000 6000 0.29328305E+01 0.82659802E-03 -0.14640057E-06 0.15409851E-10 -0.68879615E-15 -0.81305582E+03 -0.10243164E+01 0 0 User
H2O 0 0 -251.731 18.0152 2 200 1000 0.41986352E+01 -0.20364017E-02 0.65203416E-05 -0.54879269E-08 0.17719680E-11 -0.30293726E+05 -0.84900901E+00 1000 6000 0.26770389E+01 0.29731816E-02 -0.77376889E-06 0.94433514E-10 -0.42689991E-14 -0.29885894E+05 0.68825500E+01 0 0 User
H2O2 0 0 -147.038 34.0146 2 200 1000 4.31515149E+00 -8.47390622E-04 1.76404323E-05 -2.26762944E-08 9.08950158E-12 -1.77067437E+04 3.27373319E+00 1000 6000  4.57977305E+00 4.05326003E-03 -1.29844730E-06 1.98211400E-10 -1.13968792E-14 -1.80071775E+04 6.64970694E-01 0 0 User
HO2 0 0 -0.314 33.0067 2 200 1000 4.30179807E+00 -4.74912097E-03 2.11582905E-05 -2.42763914E-08 9.29225225E-12 2.64018485E+02 3.71666220E+00 1000 6000 4.17228741E+00 1.88117627E-03 -3.46277286E-07 1.94657549E-11 1.76256905E-16 3.10206839E+01 2.95767672E+00 0 0 User
O 0 0 249.175 15.9994 2 200 1000 3.16826710E+00 -3.27931884E-03 6.64306396E-06 -6.12806624E-09 2.11265971E-12 2.91222592E+04 2.05193346E+00 1000 6000 2.54363697E+00 -2.73162486E-05 -4.19029520E-09 4.95481845E-12 -4.79553694E-16 2.92260120E+04 4.92229457E+00 0 0 User
O2 0 0 0.0 31.9988 2 200 1000 3.78245636E+00 -2.99673415E-03 9.84730200E-06 -9.68129508E-09 3.24372836E-12 -1.06394356E+03 3.65767573E+00 1000 6000 3.66096083E+00 6.56365523E-04 -1.41149485E-07 2.05797658E-11 -1.29913248E-15 -1.21597725E+03 3.41536184E+00 0 0 User
O3 0 0 131.434 47.9982 2 200 1000 3.40738221E+00 2.05379063E-03 1.38486052E-05 -2.23311542E-08 9.76073226E-12 1.58644979E+04 8.28247580E+00 1000 6000 1.23302914E+01 -1.19324783E-02 7.98741278E-06 -1.77194552E-09 1.26075824E-13 1.26755831E+04 -4.08823374E+01 0 0 User
OH 0 0 30.536 17.0073 2 200 1000 3.99198424E+00 -2.40106655E-03 4.61664033E-06 -3.87916306E-09 1.36319502E-12 3.36889836E+03 -1.03998477E-01 1000 6000 2.83853033E+00 1.10741289E-03 -2.94000209E-07 4.20698729E-11 -2.42289890E-15 3.69780808E+03 5.84494652E+00 0 0 User
0 0